UNITS MM,10000;
EDIT proj;
ADD P1 :W0.000000  0.0000,1.6510 0.0000,-1.6510 0.1811,-1.6510 0.1811,1.5199 0.0906,1.5199 0.0906,1.6510;
ADD P1 :W0.000000  0.1811,-1.5199 40.1607,-1.5199 40.1607,1.5199 0.1811,1.5199;
ADD P1 :W0.000000  0.0000,-1.6510 0.0000,-13.1400 0.1812,-13.1400 0.1812,-1.6510;
ADD P1 :W0.000000  -0.7620,-1.6510 0.0000,-1.6510 0.0000,1.6510 -0.7620,1.6510;
ADD P1 :W0.000000  -3.8608,0.9068 -3.8608,-1.6510 -0.7620,-1.6510 -0.7620,1.6510 -2.3114,1.6510 -2.3114,0.9068;
ADD P1 :W0.000000  -10.0255,-0.9068 -3.8608,-0.9068 -3.8608,0.9068 -10.0255,0.9068;
ADD P1 :W0.000000  -17.3019,0.9068 -17.3019,-0.9068 -10.0255,-0.9068 -10.0255,0.9068;
ADD P1 :W0.000000  -22.5045,-0.9068 -17.3019,-0.9068 -17.3019,0.9068 -22.5045,0.9068;
ADD P1 :W0.000000  -25.6033,1.6510 -25.6033,-1.6510 -22.5045,-1.6510 -22.5045,0.9068 -24.0539,0.9068 -24.0539,1.6510;
ADD P1 :W0.000000  -45.4789,-1.6510 -25.6033,-1.6510 -25.6033,1.6510 -45.4789,1.6510;
ADD P1 :W0.000000  -45.6600,1.5199 -45.6600,-1.6510 -45.4789,-1.6510 -45.4789,1.6510 -45.5694,1.6510 -45.5694,1.5199;
ADD P1 :W0.000000  -85.6396,-1.5199 -45.6600,-1.5199 -45.6600,1.5199 -85.6396,1.5199;
ADD P1 :W0.000000  -45.6600,-1.6510 -45.6600,-15.1548 -45.4788,-15.1548 -45.4788,-1.6510;
ADD P1 :W0.000000  -25.6033,-1.6510 -25.6033,-16.4813 -22.5045,-16.4813 -22.5045,-1.6510;
ADD P1 :W0.000000  -17.3019,-0.9068 -17.3019,-15.7404 -10.0255,-15.7404 -10.0255,-0.9068;
ADD P1 :W0.000000  -3.8608,-1.6510 -3.8608,-9.2506 -0.7620,-9.2506 -0.7620,-1.6510;
ADD P1 :W0.000000  -86.0590,19.8500 40.5170,19.8500 40.5170,-31.2016 -85.9931,-31.2016 -85.9931,20.0000 -85.9931,20.1500 -86.2931,20.1500 -86.2931,20.0000 -86.2931,-31.5016 40.8170,-31.5016 40.8170,20.1500 -86.0590,20.1500 -86.2090,20.1500 -86.2090,19.8500 -86.0590,19.8500;
  BEGIN_ASSOC
    ADD N1 :F1.000000 :R0 :T12345 'net=N__17' 0.00, 0.00;
  END_ASSOC
SAVE;
